35972083-1 50.10639749 22.86667625 0.00 0 7 1 0 
35972087-1 50.10715000 22.86786895 0.00 0 7 1 0 
36012365-1 50.15843479 22.95291450 0.00 0 7 1 0 
36012366-1 50.15861480 22.95322869 0.00 0 7 1 0 
36012383-1 50.16177342 22.95843316 0.00 0 7 1 0 
36012384-1 50.16199903 22.95868177 0.00 0 7 1 0 
36052091-1 50.10614042 22.87173279 0.00 0 7 1 0 
36052364-1 50.15746821 22.95380590 0.00 0 7 1 0 
36052373-1 50.15916815 22.95649454 0.00 0 7 1 0 
36052374-1 50.15935233 22.95680177 0.00 0 7 1 0 
36052375-1 50.15955317 22.95711253 0.00 0 7 1 0 
36052376-1 50.15975547 22.95739715 0.00 0 7 1 0 
36052377-1 50.15997896 22.95762656 0.00 0 7 1 0 
36092362-1 50.15632489 22.95436514 0.00 0 7 1 0 
36172352-1 50.15288986 22.95369084 0.00 0 7 1 0 
36172357-1 50.15385550 22.95514383 0.00 0 7 1 0 
36252341-1 50.14941712 22.95248869 0.00 0 7 1 0 
36252346-1 50.15023296 22.95415167 0.00 0 7 1 0 
36292110-1 50.10537342 22.88396332 0.00 0 7 1 0 
36292340-1 50.14834122 22.95353998 0.00 0 7 1 0 
36292341-1 50.14854411 22.95387241 0.00 0 7 1 0 
36332045-1 50.09224719 22.86579909 0.00 0 7 1 0 
36332046-1 50.09249607 22.86600570 0.00 0 7 1 0 
36372147-1 50.11063486 22.89760962 0.00 0 7 1 0 
36412052-1 50.09200894 22.87019232 0.00 0 7 1 0 
36412053-1 50.09227874 22.87040788 0.00 0 7 1 0 
36412378-1 50.15309608 22.96851225 0.00 0 7 1 0 
36452055-1 50.09185456 22.87221362 0.00 0 7 1 0 
36452056-1 50.09204058 22.87251611 0.00 0 7 1 0 
36452057-1 50.09222796 22.87281534 0.00 0 7 1 0 
36452122-1 50.10441991 22.89238473 0.00 0 7 1 0 
36452123-1 50.10468869 22.89255534 0.00 0 7 1 0 
36452151-1 50.10984426 22.90116042 0.00 0 7 1 0 
36452315-1 50.14055201 22.95064403 0.00 0 7 1 0 
36452326-1 50.14260086 22.95395349 0.00 0 7 1 0 
36452375-1 50.15177793 22.96878843 0.00 0 7 1 0 
36452376-1 50.15190808 22.96918992 0.00 0 7 1 0 
36452377-1 50.15222008 22.96928038 0.00 0 7 1 0 
36452378-1 50.15233147 22.96966801 0.00 0 7 1 0 
36452379-1 50.15252172 22.96996596 0.00 0 7 1 0 
36452380-1 50.15269447 22.97030974 0.00 0 7 1 0 
36452381-1 50.15289447 22.97058535 0.00 0 7 1 0 
36452382-1 50.15312364 22.97087816 0.00 0 7 1 0 
36452389-1 50.15440884 22.97298388 0.00 0 7 1 0 
36452390-1 50.15459390 22.97330121 0.00 0 7 1 0 
36492380-1 50.15150278 22.97208749 0.00 0 7 1 0 
36532052-1 50.08976956 22.87359057 0.00 0 7 1 0 
36532077-1 50.09447108 22.88122979 0.00 0 7 1 0 
36532078-1 50.09457945 22.88150568 0.00 0 7 1 0 
36532079-1 50.09480485 22.88177412 0.00 0 7 1 0 
36532085-1 50.09593165 22.88357273 0.00 0 7 1 0 
36532129-1 50.10419093 22.89680998 0.00 0 7 1 0 
36532146-1 50.10735424 22.90197615 0.00 0 7 1 0 
36532148-1 50.10773862 22.90259069 0.00 0 7 1 0 
36572057-1 50.09003973 22.87610534 0.00 0 7 1 0 
36572079-1 50.09402677 22.88294023 0.00 0 7 1 0 
36572081-1 50.09447984 22.88343750 0.00 0 7 1 0 
36572127-1 50.10285688 22.89763704 0.00 0 7 1 0 
36572128-1 50.10312390 22.89782712 0.00 0 7 1 0 
36572136-1 50.10501318 22.89964106 0.00 0 7 1 0 
36572137-1 50.10497353 22.90028450 0.00 0 7 1 0 
36572153-1 50.10788669 22.90524579 0.00 0 7 1 0 
36612036-1 50.08516585 22.87118739 0.00 0 7 1 0 
36652059-1 50.08876951 22.87902498 0.00 0 7 1 0 
36652143-1 50.10460828 22.90437058 0.00 0 7 1 0 
36652393-1 50.15130144 22.97996088 0.00 0 7 1 0 
36692141-1 50.10334718 22.90507974 0.00 0 7 1 0 
36732109-1 50.09651541 22.89663563 0.00 0 7 1 0 
36772067-1 50.08782342 22.88527612 0.00 0 7 1 0 
36772068-1 50.08808479 22.88540850 0.00 0 7 1 0 
36772069-1 50.08818413 22.88579758 0.00 0 7 1 0 
36772070-1 50.08834664 22.88612611 0.00 0 7 1 0 
36772153-1 50.10385263 22.91128212 0.00 0 7 1 0 
36772399-1 50.15009320 22.98532295 0.00 0 7 1 0 
36812052-1 50.08444256 22.88160282 0.00 0 7 1 0 
36892069-1 50.08595784 22.88925713 0.00 0 7 1 0 
36972141-1 50.09786874 22.91327702 0.00 0 7 1 0 
37012071-1 50.08399120 22.89334426 0.00 0 7 1 0 
37012205-1 50.10939060 22.93329258 0.00 0 7 1 0 
37012206-1 50.10955333 22.93364173 0.00 0 7 1 0 
37012209-1 50.11007298 22.93461340 0.00 0 7 1 0 
37012210-1 50.11036404 22.93473901 0.00 0 7 1 0 
37012211-1 50.11060497 22.93497077 0.00 0 7 1 0 
37012212-1 50.11078839 22.93527536 0.00 0 7 1 0 
37012213-1 50.11098252 22.93555227 0.00 0 7 1 0 
37012214-1 50.11116038 22.93587349 0.00 0 7 1 0 
37012215-1 50.11134969 22.93618587 0.00 0 7 1 0 
37012216-1 50.11152833 22.93649808 0.00 0 7 1 0 
37012217-1 50.11163891 22.93693471 0.00 0 7 1 0 
37052006-1 50.07104401 22.87491606 0.00 0 7 1 0 
37052074-1 50.08378931 22.89542115 0.00 0 7 1 0 
37052129-1 50.09407722 22.91199543 0.00 0 7 1 0 
37052214-1 50.11071761 22.93656229 0.00 0 7 1 0 
37092005-1 50.06994271 22.87593858 0.00 0 7 1 0 
37092006-1 50.07018657 22.87619994 0.00 0 7 1 0 
37092009-1 50.07083458 22.87701182 0.00 0 7 1 0 
37092010-1 50.07099787 22.87734057 0.00 0 7 1 0 
37092011-1 50.07120022 22.87759339 0.00 0 7 1 0 
37092012-1 50.07138949 22.87789366 0.00 0 7 1 0 
37092016-1 50.07214582 22.87909516 0.00 0 7 1 0 
37092017-1 50.07232373 22.87944476 0.00 0 7 1 0 
37092018-1 50.07256827 22.87971048 0.00 0 7 1 0 
37092019-1 50.07272112 22.88002451 0.00 0 7 1 0 
37092147-1 50.09668469 22.91859213 0.00 0 7 1 0 
37132072-1 50.08187008 22.89710184 0.00 0 7 1 0 
37132073-1 50.08199536 22.89755478 0.00 0 7 1 0 
37252405-1 50.14178246 23.00123673 0.00 0 7 1 0 
37292357-1 50.13209527 22.98778735 0.00 0 7 1 0 
37332024-1 50.06897700 22.88849652 0.00 0 7 1 0 
37332028-1 50.06973549 22.88970728 0.00 0 7 1 0 
37372021-1 50.06769985 22.88868717 0.00 0 7 1 0 
37372032-1 50.06971097 22.89208555 0.00 0 7 1 0 
37372033-1 50.06989241 22.89238732 0.00 0 7 1 0 
37452169-1 50.09381240 22.93566878 0.00 0 7 1 0 
37572090-1 50.07686509 22.91517959 0.00 0 7 1 0 
37572105-1 50.07958140 22.91983006 0.00 0 7 1 0 
37572186-1 50.09482463 22.94424466 0.00 0 7 1 0 
37612076-1 50.07329869 22.91232245 0.00 0 7 1 0 
37612128-1 50.08303268 22.92800438 0.00 0 7 1 0 
37612182-1 50.09339733 22.94404119 0.00 0 7 1 0 
37612184-1 50.09342553 22.94500993 0.00 0 7 1 0 
37612185-1 50.09343291 22.94556521 0.00 0 7 1 0 
37612351-1 50.12425514 22.99605708 0.00 0 7 1 0 
37612357-1 50.12602871 22.99689200 0.00 0 7 1 0 
